foot speed stride_length step_width cadence
0 0.889769 1.138156 0.023876 93.506494
0 1.225792 1.118196 0.12135 130.909091
0 1.302719 1.171374 0.100382 133.333333
0 1.244743 1.277641 0.083653 118.032787
0 0.619123 0.9295 0.121616 77.419355
0 0.945384 1.230689 0.083809 93.385214
0 1.407447 1.264536 0.071228 135.59322
0 1.454331 1.262614 0.044543 141.176471
1 2.057419 1.62045 0.059854 155.844156
0 0.793852 0.911879 0.134319 104.803493
0 0.988368 1.27336 0.088001 91.139241
0 0.992714 1.327298 0.062783 87.804878
0 1.320457 1.292895 0.172584 124.137931
1 2.122989 1.568682 0.070022 158.940397
0 1.196743 1.111533 0.097558 128.571429
0 0.77008 1.286584 0.091971 70.588235
0 1.264061 1.363563 0.120364 110.769231
1 1.180595 1.111018 0.060332 126.315789
1 0.663913 1.093624 0.076155 72.289157
0 1.345768 1.216602 0.1096 130.909091
1 0.943848 1.124245 0.101555 100
1 0.619416 1.154253 0.060678 64.516129
0 1.279419 0.994978 0.053029 144
1 0.91492 1.210249 0.106077 92.307692
0 1.169695 1.398214 0.130773 100
0 1.075284 1.326916 0.090871 95.238095
0 1.038065 1.310216 0.067636 91.603053
0 1.267675 1.336267 0.094803 113.207547
0 1.419302 1.417274 0.189104 120
0 1.151092 1.310621 0.098428 104.347826
0 1.347404 1.132893 0.138204 144
0 2.149475 1.667456 0.110159 154.83871
1 1.193435 1.237103 0.085145 116.504854
1 0.987518 1.142793 0.106781 104.347826
0 0.975005 1.229819 0.176296 94.736842
0 1.48694 1.483765 0.180376 122.033898
0 0.912185 1.15771 0.110609 93.506494
0 1.123687 1.286196 0.069684 103.448276
1 1.019061 1.276661 0.078238 93.023256
0 0.635493 1.089809 0.118402 71.599045
0 1.718893 1.301294 0.077869 156.521739
0 1.170935 1.295746 0.12914 105.882353
0 0.759503 1.162929 0.092324 77.922078
0 2.129598 1.739561 0.094096 146.938776
0 1.115904 1.045215 0.100663 130.909091
0 1.501077 1.47892 0.118077 121.827411
1 1.155088 1.448442 0.126957 96.774194
0 2.101277 1.791851 0.085686 139.534884
0 0.842798 1.024944 0.009206 97.297297
0 1.173171 1.445302 0.090374 98.765432
0 1.145714 1.132975 0.078274 123.076923
0 1.226833 1.351606 0.128011 107.462687
1 1.820654 1.708464 0.093306 128.342246
1 1.261646 1.348279 0.085337 114.285714
0 1.535409 1.170249 0.064251 158.940397
0 1.227215 1.420816 0.078796 102.12766
0 1.864982 1.538332 0.067393 146.341463
0 0.851702 1.02274 0.087335 102.12766
0 1.695552 1.420848 0.08687 144
0 1.045557 1.203156 0.118675 102.12766
0 1.085135 1.343804 0.13993 98.630137
1 2.038672 1.752043 0.095902 137.931034
1 1.314543 1.363041 0.106699 115.942029
1 1.421837 1.224548 0.046033 141.176471
0 1.523319 1.446013 0.089732 126.315789
0 1.097926 1.285334 0.112535 102.857143
0 1.746039 1.442643 0.069241 147.239264
0 1.397368 1.407814 0.116724 118.032787
0 1.052884 1.201631 0.097478 105.882353
1 0.818022 1.157559 0.093406 85.409253
0 0.877288 1.109035 0.045256 96
0 0.702552 1.077868 0.121155 80.536913
0 1.427107 1.494113 0.091504 112.676056
0 0.872368 1.133885 0.106977 93.023256
0 0.898108 1.131745 0.056882 96
1 0.832169 1.281366 0.115135 76.923077
0 1.204069 1.240978 0.060794 116.27907
0 0.653215 1.111741 0.078921 70.79646
0 1.650636 1.165121 0.057127 163.636364
0 1.569938 1.676155 0.114929 113.207547
0 1.43331 1.150311 0.069501 153.191489
0 1.483067 1.303836 0.102279 138.461538
0 0.746853 1.152004 0.077989 76.677316
1 1.361919 1.256995 0.145086 130.909091
1 1.36023 1.498122 0.092899 110.091743
1 1.039829 1.284422 0.114264 97.165992
0 1.72222 1.312866 0.077729 160
0 1.165617 1.303794 0.113893 105.882353
0 0.813239 1.079761 0.111373 88.888889
1 2.065132 1.635469 0.078113 151.898734
0 1.2399 1.341086 0.089163 110.769231
0 1.380016 1.447416 0.117296 112.676056
0 0.997215 1.262205 0.117601 94.86166
1 1.400961 1.454543 0.108737 115.384615
0 1.111629 1.003614 0.058002 133.333333
0 1.269097 1.321878 0.08646 115.384615
0 1.138883 1.311215 0.107485 105.263158
1 2.125528 1.607611 0.121968 158.940397
0 1.154278 1.369201 0.110628 102.564103
0 1.091738 0.981964 0.155475 128.571429
1 1.575219 1.682166 0.096256 110.599078
0 1.166781 1.258763 0.092244 111.111111
0 1.152041 1.421126 0.133037 100
0 1.77267 1.231701 0.078316 171.428571
0 1.004724 1.286244 0.10426 93.75
1 0.449106 1.071349 0.109548 49.586777
0 2.115945 1.614327 0.088257 156.862745
0 2.066991 1.616446 0.092291 150.943396
0 1.076304 1.020544 0.04077 128.571429
0 1.831057 1.675114 0.084692 130.434783
0 0.884574 1.078246 0.043783 100
1 1.298035 1.244896 0.088663 125
0 1.39258 1.526029 0.143395 109.090909
1 1.133099 1.304351 0.057044 104.895105
0 1.510866 1.362856 0.096737 135.849057
0 0.469497 0.823464 0.123004 69.565217
0 1.141066 1.233373 0.12383 109.090909
1 0.941185 1.226524 0.09392 93.506494
1 0.95424 1.25396 0.075813 90.225564
0 1.032524 1.2498 0.151947 97.297297
1 0.858036 1.129683 0.092756 90.909091
0 0.914021 1.238823 0.104029 89.88764
0 0.95994 1.252186 0.075263 90.566038
1 0.586227 1.027052 0.070039 67.988669
0 1.084415 1.307691 0.130304 100
0 1.323918 1.360672 0.072993 116.129032
0 0.677357 1.027689 0.13299 78.947368
0 2.039098 1.603259 0.0777 152.866242
0 1.163997 1.020291 0.069662 133.333333
0 1.223864 1.187114 0.054699 124.352332
0 1.450048 1.454383 0.126756 118.032787
0 1.270084 1.330274 0.072977 112.676056
1 0.982466 1.297058 0.074843 88.560886
0 0.744043 0.910772 0.11436 98.360656
1 1.902647 1.589871 0.061547 148.148148
0 1.160032 1.364047 0.093201 103.092784
1 1.117051 1.352596 0.124137 97.297297
0 1.113788 1.268914 0.104317 104.347826
1 0.918107 1.236664 0.037689 88.888889
0 1.001376 1.272679 0.110284 93.506494
0 0.917493 1.060056 0.046363 103.004292
0 1.562495 1.562674 0.123945 122.033898
0 1.044091 1.149037 0.09472 109.090909
0 0.937128 1.148905 0.098248 97.165992
0 1.385833 1.509992 0.053721 110.769231
0 1.405283 1.197135 0.090001 141.176471
1 1.01515 1.234245 0.146385 98.630137
0 1.196613 1.269721 0.070098 112.781955
0 1.54301 1.364528 0.145478 135.849057
0 0.905099 0.946418 0.117148 119.402985
0 1.837413 1.63173 0.107636 135.849057
0 1.340141 1.34839 0.089062 118.226601
1 1.149074 1.316689 0.081614 104.166667
0 1.480987 1.497318 0.101451 118.226601
0 0.488132 1.067905 0.108687 55.147059
0 2.03926 1.744533 0.096151 140.350877
1 1.447233 1.435237 0.0804 122.44898
0 1.024429 1.237482 0.079806 99.173554
1 1.517495 1.539019 0.105848 116.129032
0 0.715461 1.15429 0.09937 75
0 2.037008 1.585809 0.082733 154.83871
0 1.085942 1.313796 0.046371 98.684211
1 1.150364 1.123904 0.033593 124.137931
0 1.026177 1.144937 0.043178 106.761566
0 1.299508 1.310902 0.093512 120
1 0.914649 1.209365 0.113446 90.909091
1 1.053417 1.23648 0.117815 102.12766
1 1.178692 1.332985 0.10189 105.263158
1 1.800636 1.444505 0.083599 148.148148
1 1.180703 1.293994 0.072366 110.091743
0 1.027699 1.295437 0.102809 93.506494
0 1.626242 1.261531 0.057351 154.83871
1 1.26827 1.343818 0.083045 112.676056
0 0.909777 1.020901 0.097432 101.408451
0 1.241301 1.389504 0.07454 107.623318
0 0.752414 0.962171 0.13443 92.307692
1 1.406144 1.553914 0.090876 106.19469
1 1.509792 1.584798 0.115479 115.384615
0 1.20198 1.285041 0.091697 112.5
0 1.222975 1.198178 0.059006 124.352332
1 1.346318 1.379029 0.117329 115.942029
0 1.026541 1.244599 0.122362 98.360656
0 1.332237 1.053276 0.069066 150
0 1.326291 1.39913 0.181353 114.285714
0 1.695215 1.601585 0.07486 126.315789
0 1.156019 1.06741 0.074123 129.72973
0 0.748912 1.067581 0.060558 83.56546
0 0.823728 1.238686 0.127644 78.26087
0 2.015644 1.891606 0.117643 126.315789
0 1.237424 1.408599 0.09765 105.726872
0 2.076295 1.762333 0.07897 141.176471
0 1.755921 1.494057 0.11144 135.849057
1 1.944146 1.579667 0.08881 147.239264
0 0.914715 1.000796 0.143276 112.5
0 1.460978 1.263854 0.064081 138.728324
1 1.007758 1.197278 0.109787 101.408451
0 0.90808 1.210377 0.10556 88.888889
0 1.485331 1.528144 0.086781 114.832536
0 0.859152 1.085319 0.036731 98.630137
0 0.932899 1.165473 0.069984 94.736842
0 1.229415 1.306966 0.08565 114.285714
0 2.096892 1.800331 0.100591 139.534884
0 0.840698 1.124225 0.073433 91.254753
0 1.365108 1.452857 0.090363 112.676056
0 1.359802 1.436055 0.092319 114.285714
0 0.905852 1.263682 0.074888 86.642599
0 1.032633 1.200614 0.083621 104.347826
0 1.659916 1.239062 0.066621 158.940397
0 0.861719 0.983546 0.088395 106.666667
0 0.404684 1.084224 0.114998 46.421663
1 0.911023 1.286244 0.097951 84.210526
0 0.805056 1.098619 0.052501 91.139241
0 0.501239 0.888998 0.129588 70.175439
1 0.724985 0.997968 0.051041 87.209302
1 1.83129 1.796746 0.102085 122.44898
0 0.696277 1.005183 0.097058 84.210526
1 1.045665 1.239369 0.140006 100
0 1.096175 1.320484 0.156058 98.630137
0 0.85952 1.144985 0.105377 90
1 2.061101 1.672443 0.098505 150
0 1.373417 1.285794 0.111942 130.909091
0 1.852475 1.641367 0.071794 135.59322
0 1.349414 1.397982 0.045254 114.832536
1 1.36694 1.470891 0.114174 111.627907
0 1.152118 1.306568 0.101165 105.726872
0 0.895261 1.070443 0.087981 98.765432
1 0.939777 1.262802 0.091575 90.225564
0 1.884285 1.809526 0.082728 125
0 1.915903 1.491431 0.08364 150
1 1.344418 1.268294 0.109998 128.571429
1 1.27862 1.35719 0.099325 113.207547
0 1.092694 1.14619 0.081469 118.032787
1 1.031106 1.324156 0.078681 92.307692
0 1.299072 1.241061 0.063084 127.659574
0 2.000142 1.818508 0.088388 131.147541
0 0.783308 1.109926 0.098079 83.333333
0 1.453898 1.469642 0.113786 117.073171
1 1.822288 1.573367 0.076908 139.534884
0 1.821985 1.532534 0.08459 144.578313
0 1.522951 1.211028 0.077868 156.521739
0 1.380116 1.448005 0.096876 114.285714
0 1.230732 1.530108 0.092327 97.165992
0 1.147882 1.282662 0.11279 107.142857
0 1.444572 1.482608 0.109829 117.073171
1 1.497413 1.498744 0.085085 119.402985
1 1.948279 1.585032 0.078862 147.239264
1 1.509973 1.293482 0.093433 141.176471
0 1.916931 1.725177 0.092009 129.72973
0 1.070394 1.190304 0.082083 105.882353
0 0.823453 1.16953 0.079457 84.805654
0 1.003695 0.874633 0.061386 135.849057
1 0.668503 1.048033 0.108051 79.470199
1 0.438113 1.139915 0.115708 45.36862
0 1.091213 1.371462 0.16452 96
0 0.650743 1.051019 0.067499 73.170732
0 1.270248 1.428911 0.060866 106.007067
0 0.597644 1.054619 0.070379 68.376068
1 1.096482 1.024146 0.096872 130.909091
0 1.80523 1.642216 0.093861 133.333333
1 1.005736 1.184327 0.089683 102.12766
0 1.166093 1.32411 0.10374 104.347826
0 1.151258 1.289679 0.082292 107.142857
0 1.227736 1.366507 0.050668 108.303249
0 1.297079 1.441118 0.056704 109.090909
1 1.406862 1.412587 0.083774 121.212121
1 1.046266 1.249754 0.113321 100.41841
0 0.916679 1.265476 0.110669 85.106383
0 1.67674 1.725592 0.139163 116.129032
0 1.033958 1.128872 0.082662 110.769231
0 1.285832 1.353935 0.090447 114.285714
0 1.253402 1.305748 0.07631 118.032787
0 1.453168 1.188794 0.054612 146.938776
0 1.995456 1.637547 0.04635 146.341463
0 1.298937 1.288715 0.095781 124.137931
1 1.827589 1.625317 0.083351 131.868132
1 1.138087 1.33404 0.087895 104.347826
0 1.024721 1.341285 0.078369 91.139241
0 2.294263 1.765863 0.189513 153.191489
0 1.634039 1.554709 0.08567 125.65445
1 1.106243 1.383567 0.10454 98.360656
1 0.914105 1.216872 0.089386 88.235294
0 1.06237 1.225407 0.110995 102.857143
0 2.095746 1.944304 0.095819 129.72973
0 0.974678 1.254606 0.088681 92.307692
1 0.713487 1.176641 0.062614 72.072072
0 1.109789 1.350394 0.074633 98.360656
0 1.982102 1.902461 0.112293 125
0 1.264574 1.356686 0.103472 113.744076
1 1.138262 1.112437 0.07486 119.402985
0 1.38535 1.566291 0.104086 107.623318
0 1.90127 1.572438 0.078624 146.341463
1 1.340795 1.396262 0.092361 112.676056
0 1.371412 1.345421 0.061269 123.71134
0 1.063444 1.049746 0.084068 124.137931
0 0.700531 1.018842 0.112047 82.474227
1 0.967272 1.13688 0.082046 102.564103
0 1.16599 1.15558 0.045237 119.402985
0 1.04366 1.329235 0.079225 93.385214
0 1.464973 1.507859 0.112011 117.073171
0 1.531365 1.631864 0.112636 112.149533
0 1.268325 1.273926 0.079247 120.603015
0 0.987522 1.337266 0.10689 88.235294
0 1.299767 1.285374 0.081572 123.076923
0 0.90232 0.944615 0.112733 115.942029
0 0.854255 0.944115 0.131628 107.462687
1 1.257696 1.388798 0.112351 107.623318
1 1.463506 1.489376 0.107414 118.226601
1 0.741244 0.857312 0.105941 103.896104
1 1.846832 1.588851 0.089323 139.534884
1 0.970427 1.348772 0.100847 87.272727
0 0.856874 1.257072 0.094317 81.300813
0 1.29017 1.051963 0.092328 146.938776
0 1.425886 1.425495 0.140738 120
0 1.443926 1.178394 0.079074 146.938776
1 0.953145 1.233386 0.1001 94.117647
0 1.223052 1.258161 0.07729 115.384615
0 0.89886 0.983105 0.084366 111.627907
0 0.759167 0.833743 0.102454 110.769231
0 1.30237 1.377567 0.073997 114.285714
0 1.26132 1.335882 0.065939 113.207547
1 1.412194 1.204609 0.051822 138.461538
0 1.21899 1.342599 0.063436 109.589041
0 1.10845 1.258257 0.112796 104.347826
1 1.135183 1.194548 0.090937 114.285714
0 1.69746 1.425767 0.105951 144
0 1.215271 1.307201 0.102162 111.627907
0 1.393754 1.323562 0.052249 124.137931
0 1.314299 1.400122 0.077276 112.5
1 1.121871 1.235736 0.097416 108.108108
0 1.214665 1.335877 0.179857 109.090909
0 0.795014 1.131464 0.104671 84.705882
0 0.905147 1.111794 0.038272 97.297297
0 1.305548 1.438063 0.101727 106.19469
0 1.89721 1.440301 0.101773 156.521739
0 0.95481 1.22287 0.132037 94.736842
1 0.977857 1.362849 0.086491 85.106383
0 1.265169 1.40375 0.117057 107.623318
0 0.877411 1.039092 0.064038 103.004292
1 0.877968 1.118558 0.103982 93.75
0 0.938474 1.189632 0.117383 94.117647
0 0.876679 1.101612 0.068613 97.297297
0 1.391348 1.398541 0.058625 121.212121
0 1.223697 1.160263 0.105274 128.571429
0 0.929581 1.171683 0.125123 93.023256
0 0.738845 1.119949 0.102444 80
0 1.003678 1.357269 0.106894 86.642599
0 1.417694 1.617611 0.147935 105.882353
0 1.396265 1.543559 0.109758 107.623318
0 1.467814 1.329746 0.116256 133.333333
1 1.179346 1.263114 0.064443 112.5
1 1.243787 1.394223 0.111405 105.263158
1 1.36117 1.374275 0.094329 120
1 0.936204 1.119055 0.090959 101.694915
1 1.90395 1.816107 0.086555 125
1 1.37295 1.492416 0.112493 112.149533
1 1.105729 1.323744 0.153203 100
0 0.886619 1.136524 0.084318 93.385214
0 1.414439 1.386394 0.074231 124.352332
0 1.424222 1.211677 0.09689 141.176471
0 1.146308 1.295217 0.063217 106.19469
0 1.31074 1.351128 0.070213 115.384615
0 0.836332 1.140422 0.026819 87.804878
0 1.77063 1.558874 0.113234 137.142857
1 1.468063 1.514998 0.109135 117.073171
0 1.099719 1.208462 0.09824 109.090909
1 1.273021 1.354706 0.102181 112.149533
0 0.853693 1.33271 0.087249 75.949367
1 1.910092 1.753771 0.091973 128.342246
1 1.071186 1.199937 0.090505 107.623318
0 1.294707 1.339344 0.131014 115.384615
0 2.095729 1.941453 0.168794 126.984127
0 1.021772 1.134297 0.10899 107.462687
1 0.964317 1.358737 0.09665 84.507042
0 0.389603 1.157241 0.093144 40.747029
0 1.857764 1.771712 0.090979 125
1 1.332231 1.380247 0.122326 114.285714
0 1.312175 1.344862 0.080773 118.032787
0 1.260159 1.32997 0.074411 112.676056
0 1.405369 1.48178 0.113071 114.285714
0 1.15723 1.189882 0.049124 118.032787
1 1.139344 1.173007 0.119031 118.032787
1 0.859974 1.343368 0.099116 77.419355
0 0.698705 1.199202 0.048257 69.565217
1 0.886965 1.02468 0.119212 104.347826
1 1.525374 1.293537 0.13192 138.461538
0 1.270756 1.210138 0.111381 126.315789
0 0.865984 1.352194 0.090273 77.419355
1 0.841638 1.132826 0.102326 89.88764
0 0.989146 0.937446 0.078936 126.315789
0 1.377392 1.494064 0.102774 109.589041
0 0.885285 1.102735 0.084884 96
0 1.187749 1.112966 0.13663 126.315789
0 1.305408 1.353349 0.128173 114.285714
1 1.541569 1.634824 0.103227 112.676056
0 0.859209 1.147687 0.084465 90.566038
0 0.793251 1.185674 0.078981 81.911263
0 1.771842 1.503808 0.080872 143.712575
1 1.495647 1.541243 0.091276 116.129032
1 1.853748 1.73603 0.117074 127.659574
0 0.97283 1.314348 0.10779 87.804878
